"chr"	"pos"	"mu1"	"mu2"	"diff"	"diff.se"	"stat"	"phi1"	"phi2"	"pval"	"fdr"	"postprob.overThreshold"
"chr1"	69052951	0.0327210443599551	0.977708835866213	-0.944987791506258	0.0971669835009433	-9.72540010462591	0.0515273126255617	0.0501613169671182	2.34979777276897e-22	6.46243929081177e-17	1
"chr1"	71983027	0.959225535667334	0.0759179466472683	0.883307589020066	0.0748835421986633	11.7957506160257	0.0499196145086887	0.0497870683678641	4.10523805194093e-32	4.51610806554407e-26	1
"chr1"	83086463	0.97033098040173	0.0873845636915233	0.882946416710206	0.0883753465542597	9.99086794152603	0.0500474751304294	0.050109215264637	1.67112030632554e-23	5.80538926769661e-18	1
"chr1"	83086465	0.97033098040173	0.0873845636915233	0.882946416710206	0.0883753465542597	9.99086794152603	0.0500474751304294	0.050109215264637	1.67112030632554e-23	5.80538926769661e-18	1
"chr1"	106609101	0.885124843273716	0.0465861795058401	0.838538663767876	0.0821465226823192	10.207841262018	0.0436675698966008	0.0505817630683438	1.82888446814832e-24	7.31609873049683e-19	1
"chr1"	106609108	0.885124843273716	0.0465861795058401	0.838538663767876	0.0848826569391674	9.87879849671564	0.0526333199749418	0.0510664138248033	5.14460327237055e-23	1.69784923834507e-17	1
"chr1"	158886770	0.0799635191445224	0.95842141233291	-0.878457893188388	0.0601449190283978	-14.6056875190674	0.049787068367864	0.0497870683678639	2.58362692549943e-48	2.27376600313607e-41	1
"chr1"	159565992	0.945869235691042	0.298380310454798	0.647488925236245	0.0605258473930501	10.6977258993419	0.0497870683678639	0.0497870683678639	1.0430667824137e-26	6.40443586578822e-21	1
"chr1"	192005976	0.976233976663988	0.0338431488241426	0.942390827839846	0.10090286465492	9.33958447129079	0.0501639712638885	0.0513562020828784	9.67129219024952e-21	1.891419914948e-15	1
